00000000
00000000
00000000
00000000
00000000
00000000
00000000
00000000
00000000
00000000
00000000
00000000
00000000
00000000
00000000
00000000
00000000
00000000
00000000
00000000
00000000
00000026
00000000
0000003a
00000000
0000005c
00000000
0000003c
00000000
00000076
00000000
0000007f
00000000
00000039
00000000
00000041
00000000
00000061
00000000
00000039
00000000
00000060
00000000
00000073
00000000
00000044
00000000
00000062
00000000
00000074
00000000
0000004f
00000000
00000087
00000000
00000088
00000000
00000044
00000000
0000008a
00000000
00000085
00000000
00000048
00000000
00000074
00000000
0000008b
00000000
00000043
00000000
00000087
00000000
00000085
00000000
0000004e
00000000
00000085
00000000
00000094
00000000
00000050
00000000
000000a4
00000000
000000b1
00000000
00000045
00000000
0000007d
00000000
00000092
00000000
00000045
00000000
0000006e
00000000
00000099
00000000
00000042
00000000
00000072
00000000
0000007f
00000000
00000039
00000000
00000087
00000000
0000009f
00000000
00000043
00000000
00000058
00000000
0000006c
00000000
00000044
00000000
0000007b
00000000
0000008a
00000000
0000003d
00000000
0000007a
00000000
0000008d
00000000
00000044
00000000
00000057
00000000
00000070
00000000
00000042
00000000
00000075
00000000
0000008f
00000000
00000053
00000000
00000088
00000000
000000a3
00000000
00000047
00000000
00000097
00000000
0000009f
00000000
00000050
00000000
00000088
00000000
00000098
00000000
0000004c
00000000
000000bd
00000000
000000d7
00000000
0000004e
00000000
00000089
00000000
000000b1
00000000
00000047
00000000
00000084
00000000
000000ad
00000000
0000004e
00000000
000000a6
00000000
000000bc
00000000
0000004a
00000000
00000089
00000000
00000099
00000000
00000050
00000000
000000bd
00000000
000000c2
00000000
0000005b
00000000
000000a4
00000000
000000bf
00000000
00000048
00000000
0000007a
00000000
0000009c
00000000
0000004e
00000000
00000092
00000000
000000be
00000000
0000004c
00000000
0000006e
00000000
000000a5
00000000
0000004a
00000000
0000005e
00000000
000000a7
00000000
00000049
00000000
0000008b
00000000
0000009e
00000000
0000004a
00000000
0000006d
00000000
00000093
00000000
00000047
00000000
0000006c
00000000
000000af
00000000
00000045
00000000
0000004b
00000000
0000007c
00000000
0000004f
00000000
0000008d
00000000
000000aa
00000000
00000053
00000000
00000088
00000000
000000ab
00000000
00000052
00000000
00000078
00000000
000000c4
00000000
0000005a
00000000
00000079
00000000
000000c1
00000000
00000045
00000000
00000087
00000000
000000cf
00000000
0000005d
00000000
000000a0
00000000
000000dc
00000000
00000059
00000000
00000083
00000000
000000c1
00000000
00000042
00000000
00000072
00000000
000000ac
00000000
00000057
00000000
000000b7
00000000
000000db
00000000
00000055
00000000
0000007e
00000000
000000b9
00000000
00000064
00000000
00000088
00000000
000000c4
00000000
00000054
00000000
0000008b
00000000
000000b3
00000000
00000048
00000000
00000066
00000000
00000084
00000000
00000056
00000000
00000093
00000000
000000bc
00000000
00000057
00000000
000000b7
00000000
000000de
00000000
00000054
00000000
00000093
00000000
000000b5
00000000
00000053
00000000
000000b8
00000000
000000f7
00000000
00000049
00000000
00000098
00000000
000000cf
00000000
0000004f
00000000
00000095
00000000
000000e0
00000000
0000003d
00000000
00000073
00000000
000000b1
00000000
00000048
00000000
00000081
00000000
000000b4
00000000
0000005f
00000000
000000a8
00000000
000000e5
00000000
00000059
00000000
000000a7
00000000
000000ed
00000000
00000060
00000000
000000ae
00000000
000000f7
00000000
0000005b
00000000
000000a8
00000000
000000d2
00000000
0000005f
00000000
000000c6
00000000
000000fd
00000000
